[parameters]

SUFF="default"
restart=False
dt=1e-3
stop_sim_time=2000.
wall_time_hr=7.0

Ny=2
Nz=128
Nx=128

# Ly=8.0 * np.pi / 3.0
Ly=1.0

Lz=1.0e1
Lx=1.0e1

# R=(0.75)**(-0.5)
R=1.1547005383792515
q=0.75

nu=1e-2

# eta=1 /  7500.0
Pm=1e0
# eta=0.00013333333333333334

tau=0.0
B=0.0
isNoSlip=True